1.800000000000000000e+01,4.381700000000000017e+01,7.777000000000000135e+00
6.500000000000000000e+01,3.284100000000000108e+01,-9.673799999999999955e+01
9.000000000000000000e+01,5.354999999999999716e+01,1.000000000000000000e+01
9.200000000000000000e+01,3.758150000000000546e+01,-1.223564999999999969e+02
1.070000000000000000e+02,3.823599999999999710e+01,-8.572100000000000364e+01
1.090000000000000000e+02,3.386699999999999733e+01,-1.121460000000000008e+02
1.740000000000000000e+02,4.045600000000000307e+01,-8.001200000000000045e+01
3.020000000000000000e+02,3.922200000000000131e+01,-8.458599999999999852e+01
3.710000000000000000e+02,4.252300000000000324e+01,-7.106799999999999784e+01
3.880000000000000000e+02,3.374799999999999756e+01,-8.438700000000000045e+01
4.060000000000000000e+02,5.135399999999999920e+01,-8.040000000000000480e-01
4.080000000000000000e+02,3.733899999999999864e+01,-1.218940000000000055e+02
4.420000000000000000e+02,1.942699999999999960e+01,-9.915149999999999864e+01
4.930000000000000000e+02,3.536899999999999977e+01,-1.189830000000000041e+02
5.330000000000000000e+02,3.659349999999999881e+01,-1.051269999999999953e+02
6.220000000000000000e+02,3.987749999999999773e+01,-1.086099999999999994e+02
6.260000000000000000e+02,5.104200000000000159e+01,-1.140550000000000068e+02
6.910000000000000000e+02,4.047650000000000148e+01,-7.515449999999999875e+01
6.980000000000000000e+02,5.104999999999999716e+01,1.499999999999999944e-01
7.880000000000000000e+02,-8.169999999999999929e+00,1.152059999999999889e+02
9.500000000000000000e+02,3.414350000000000307e+01,-1.178179999999999978e+02
9.790000000000000000e+02,3.270700000000000074e+01,-1.171140000000000043e+02
1.027000000000000000e+03,4.043999999999999773e+01,-7.999500000000000455e+01
1.110000000000000000e+03,3.122200000000000131e+01,1.214749999999999943e+02
1.150000000000000000e+03,4.028300000000000125e+01,-5.649000000000000021e+00
1.225000000000000000e+03,4.364750000000000085e+01,-7.029550000000000409e+01
1.227000000000000000e+03,4.278699999999999903e+01,-8.610800000000000409e+01
1.263000000000000000e+03,4.236699999999999733e+01,-1.141119999999999948e+02
1.323000000000000000e+03,4.760600000000000165e+01,-1.223319999999999936e+02
1.402000000000000000e+03,3.719299999999999784e+01,-8.156899999999998840e+01
1.407000000000000000e+03,3.779749999999999943e+01,-1.222160000000000082e+02
1.444000000000000000e+03,3.875099999999999767e+01,-1.052554999999999978e+02
1.504000000000000000e+03,5.131600000000000250e+01,-6.999999999999999556e-01
1.740000000000000000e+03,4.329699999999999704e+01,-1.087744999999999891e+02
1.868000000000000000e+03,4.453249999999999886e+01,-9.663249999999999318e+01
1.903000000000000000e+03,4.076949999999999363e+01,-8.032200000000000273e+01
1.931000000000000000e+03,3.976200000000000045e+01,-1.049819999999999993e+02
1.967000000000000000e+03,4.552300000000000324e+01,-1.226760000000000019e+02
2.006000000000000000e+03,2.134499999999999886e+01,-1.578354999999999961e+02
2.040000000000000000e+03,6.967900000000000205e+01,1.896999999999999886e+01
2.056000000000000000e+03,4.177900000000000347e+01,-7.707099999999999795e+01
2.096000000000000000e+03,3.754550000000000409e+01,-1.221239999999999952e+02
2.227000000000000000e+03,3.684899999999999665e+01,-7.629000000000000625e+01
2.352000000000000000e+03,-3.384000000000000341e+01,1.512069999999999936e+02
2.427000000000000000e+03,4.083299999999999841e+01,-7.396099999999999852e+01
2.569000000000000000e+03,4.085000000000000142e+01,-7.386599999999999966e+01
2.698000000000000000e+03,3.593299999999999983e+01,-8.409399999999999409e+01
2.707000000000000000e+03,-3.193200000000000216e+01,1.272344999999999970e+02
2.715000000000000000e+03,5.145000000000000284e+01,-1.939000000000000057e+00
2.761000000000000000e+03,3.993699999999999761e+01,-7.766100000000000136e+01
2.799000000000000000e+03,2.630999999999999872e+01,-8.023699999999999477e+01
3.018000000000000000e+03,4.057600000000000051e+01,-1.011864999999999952e+02
3.036000000000000000e+03,5.150800000000000267e+01,-1.204999999999999960e-01
3.045000000000000000e+03,5.111099999999999710e+01,-8.549999999999999822e-01
3.048000000000000000e+03,2.994100000000000250e+01,-9.555400000000000205e+01
3.244000000000000000e+03,4.000800000000000267e+01,-1.052579999999999956e+02
3.326000000000000000e+03,4.983299999999999841e+01,-6.600000000000000311e-02
3.388000000000000000e+03,5.151200000000000045e+01,-1.204999999999999960e-01
3.390000000000000000e+03,3.823199999999999932e+01,-1.171569999999999965e+02
3.409000000000000000e+03,3.973899999999999721e+01,-1.049839999999999947e+02
3.438000000000000000e+03,3.412800000000000011e+01,-1.182560000000000002e+02
3.461000000000000000e+03,4.332099999999999795e+01,-7.099800000000000466e+01
3.498000000000000000e+03,-3.388300000000000267e+01,1.512160000000000082e+02
3.508000000000000000e+03,3.271500000000000341e+01,-1.171629999999999967e+02
3.577000000000000000e+03,NaN,NaN
3.673000000000000000e+03,3.378900000000000148e+01,-1.179380000000000024e+02
3.810000000000000000e+03,4.553900000000000148e+01,-7.359799999999999898e+01
3.885000000000000000e+03,3.032649999999999935e+01,-9.774799999999999045e+01
3.971000000000000000e+03,3.567099999999999937e+01,1.396974999999999909e+02
4.050000000000000000e+03,3.568800000000000239e+01,1.397060000000000173e+02
4.065000000000000000e+03,5.101850000000000307e+01,6.969000000000000306e+00
4.273000000000000000e+03,4.546399999999999864e+01,9.189000000000000057e+00
4.280000000000000000e+03,5.142999999999999972e+01,5.453000000000000291e+00
4.309000000000000000e+03,4.168449999999999989e+01,-8.795750000000001023e+01
4.312000000000000000e+03,4.754049999999999443e+01,-1.221229999999999905e+02
4.571000000000000000e+03,4.378300000000000125e+01,-7.934100000000000819e+01
4.593000000000000000e+03,4.149099999999999966e+01,-8.163949999999999818e+01
4.615000000000000000e+03,5.933800000000000097e+01,1.799099999999999966e+01
4.693000000000000000e+03,3.366299999999999670e+01,-1.121149999999999949e+02
4.713000000000000000e+03,4.962100000000000222e+01,6.067000000000000171e+00
4.722000000000000000e+03,5.155700000000000216e+01,7.199999999999999456e-02
4.837000000000000000e+03,3.528849999999999909e+01,-1.194669999999999987e+02
4.990000000000000000e+03,3.567699999999999960e+01,1.396845000000000141e+02
5.079000000000000000e+03,2.979200000000000159e+01,-9.544400000000000261e+01
5.150000000000000000e+03,4.251899999999999835e+01,-7.089600000000000080e+01
5.242000000000000000e+03,3.399000000000000199e+01,-1.179920000000000044e+02
5.325000000000000000e+03,3.777400000000000091e+01,-1.224155000000000086e+02
5.334000000000000000e+03,3.566599999999999682e+01,1.397150000000000034e+02
5.339000000000000000e+03,1.458000000000000007e+01,1.210460000000000065e+02
5.460000000000000000e+03,5.991299999999999670e+01,1.073799999999999955e+01
5.467000000000000000e+03,3.974499999999999744e+01,-1.049839999999999947e+02
5.490000000000000000e+03,2.993299999999999983e+01,-9.933299999999999841e+01
5.532000000000000000e+03,3.920199999999999818e+01,-7.677700000000000102e+01
5.554000000000000000e+03,4.049499999999999744e+01,-7.415600000000000591e+01
5.567000000000000000e+03,4.031049999999999756e+01,-1.151364999999999981e+02
5.604000000000000000e+03,5.309300000000000352e+01,-1.894499999999999851e+00
5.613000000000000000e+03,5.104200000000000159e+01,-1.140550000000000068e+02
5.617000000000000000e+03,3.796150000000000091e+01,-3.279249999999999687e+01
5.662000000000000000e+03,3.778000000000000114e+01,-1.223930000000000007e+02
5.667000000000000000e+03,3.779599999999999937e+01,-9.768099999999999739e+01
5.715000000000000000e+03,4.030100000000000193e+01,-7.406600000000000250e+01
5.778000000000000000e+03,6.023949999999999960e+01,2.496649999999999991e+01
5.976000000000000000e+03,3.558750000000000568e+01,1.395999999999999943e+02
6.068000000000000000e+03,3.973899999999999721e+01,-1.050759999999999934e+02
6.098000000000000000e+03,3.980199999999999960e+01,-7.554449999999999932e+01
6.168000000000000000e+03,4.082750000000000057e+01,-7.393500000000000227e+01
6.260000000000000000e+03,3.338600000000000279e+01,-1.118409999999999940e+02
6.295000000000000000e+03,4.226200000000000045e+01,-7.118200000000000216e+01
6.348000000000000000e+03,2.986449999999999960e+01,-9.830199999999999250e+01
6.384000000000000000e+03,4.370000000000000284e+01,-7.941599999999999682e+01
6.406000000000000000e+03,4.315400000000000347e+01,-7.752100000000000080e+01
6.417000000000000000e+03,3.777400000000000091e+01,-1.223119999999999976e+02
6.472000000000000000e+03,3.575000000000000000e+01,-8.625000000000000000e+01
6.483000000000000000e+03,3.351299999999999812e+01,-8.680400000000000205e+01
6.641000000000000000e+03,3.973899999999999721e+01,-9.463899999999999579e+01
6.692000000000000000e+03,4.045250000000000057e+01,-1.070020000000000095e+02
6.738000000000000000e+03,3.715699999999999648e+01,-9.329699999999999704e+01
6.811000000000000000e+03,4.744800000000000040e+01,-1.222920000000000016e+02
6.860000000000000000e+03,3.912199999999999989e+01,-7.754999999999999716e+01
6.865000000000000000e+03,3.973899999999999721e+01,-1.049839999999999947e+02
6.898000000000000000e+03,5.933599999999999852e+01,1.807000000000000028e+01
6.903000000000000000e+03,4.182699999999999818e+01,-8.763700000000000045e+01
6.971000000000000000e+03,3.819950000000000045e+01,-9.976699999999999591e+01
6.995000000000000000e+03,4.001400000000000290e+01,-1.052699999999999960e+02
6.999000000000000000e+03,3.409499999999999886e+01,-1.182830000000000013e+02
7.302000000000000000e+03,3.418200000000000216e+01,-9.359049999999999159e+01
7.304000000000000000e+03,3.159400000000000119e+01,-1.028919999999999959e+02
7.317000000000000000e+03,-2.354800000000000182e+01,-4.666199999999999903e+01
7.390000000000000000e+03,5.337299999999999756e+01,-2.107000000000000206e+00
7.413000000000000000e+03,3.569100000000000250e+01,1.397065000000000055e+02
7.417000000000000000e+03,4.344400000000000261e+01,-9.322100000000000364e+01
7.460000000000000000e+03,2.974199999999999733e+01,-9.538849999999999341e+01
7.461000000000000000e+03,3.356050000000000466e+01,-1.018799999999999955e+02
7.466000000000000000e+03,3.584199999999999875e+01,-8.279999999999999716e+01
7.526000000000000000e+03,3.522699999999999676e+01,-8.084300000000000352e+01
7.554000000000000000e+03,5.135000000000000142e+01,-7.329999999999999849e-01
7.788000000000000000e+03,4.354299999999999926e+01,-9.672599999999999909e+01
7.883000000000000000e+03,NaN,NaN
8.071000000000000000e+03,4.149799999999999756e+01,-8.169799999999999329e+01
8.079000000000000000e+03,3.618900000000000006e+01,-1.032025000000000006e+02
8.124000000000000000e+03,4.822800000000000153e+01,1.615399999999999991e+01
8.188000000000000000e+03,4.286499999999999488e+01,-7.399500000000000455e+01
8.194000000000000000e+03,4.415999999999999659e+01,-1.222264999999999873e+02
8.252000000000000000e+03,4.760500000000000398e+01,-1.222259999999999991e+02
8.295000000000000000e+03,4.346600000000000108e+01,-8.051600000000000534e+01
8.296000000000000000e+03,-7.977000000000000313e+00,1.126280000000000001e+02
8.415000000000000000e+03,5.932900000000000063e+01,1.794600000000000151e+01
8.533000000000000000e+03,3.409300000000000352e+01,-1.082660000000000053e+02
8.641000000000000000e+03,3.565650000000000119e+01,1.396800000000000068e+02
8.650000000000000000e+03,5.151899999999999835e+01,-9.700000000000000289e-02
8.652000000000000000e+03,5.216550000000000153e+01,5.230999999999999872e+00
8.733000000000000000e+03,3.744400000000000261e+01,-1.221629999999999967e+02
8.787000000000000000e+03,NaN,NaN
8.790000000000000000e+03,2.803399999999999892e+01,-8.212199999999999989e+01
8.916000000000000000e+03,3.569650000000000034e+01,1.396345000000000027e+02
8.941000000000000000e+03,3.755400000000000205e+01,-1.219989999999999952e+02
8.966000000000000000e+03,2.612300000000000111e+01,-8.037099999999999511e+01
9.024000000000000000e+03,3.419299999999999784e+01,-1.184929999999999950e+02
9.050000000000000000e+03,-3.776599999999999824e+01,1.450000000000000000e+02
9.071000000000000000e+03,4.006749999999999545e+01,1.163284999999999911e+02
9.197000000000000000e+03,4.071099999999999852e+01,-7.400199999999999534e+01
9.279000000000000000e+03,4.309300000000000352e+01,1.413410000000000082e+02
9.283000000000000000e+03,3.566199999999999903e+01,1.397314999999999827e+02
9.445000000000000000e+03,4.072299999999999898e+01,-7.364400000000000546e+01
9.801000000000000000e+03,3.745700000000000074e+01,-1.158489999999999895e+02
9.865000000000000000e+03,5.237299999999999756e+01,4.899000000000000021e+00
9.868000000000000000e+03,3.779899999999999949e+01,-1.222500000000000000e+02
9.908000000000000000e+03,5.931750000000000256e+01,1.804099999999999682e+01
9.912000000000000000e+03,5.455799999999999983e+01,-1.344999999999999973e+00
9.945000000000000000e+03,6.172999999999999687e+01,6.506999999999999673e+00
9.981000000000000000e+03,3.996200000000000330e+01,-7.672700000000000387e+01
1.004200000000000000e+04,3.777700000000000102e+01,-1.224230000000000018e+02
1.004400000000000000e+04,3.036100000000000065e+01,-9.775600000000000023e+01
1.011400000000000000e+04,4.407999999999999829e+01,-1.032309999999999945e+02
1.016500000000000000e+04,3.952500000000000568e+01,-1.197880000000000109e+02
1.022600000000000000e+04,4.043999999999999773e+01,-7.999500000000000455e+01
1.026400000000000000e+04,3.399199999999999733e+01,-1.184219999999999970e+02
1.031200000000000000e+04,4.235799999999999699e+01,-7.105899999999999750e+01
1.038300000000000000e+04,-1.250400000000000134e+01,-4.758050000000000068e+01
1.043600000000000000e+04,4.035249999999999915e+01,-2.540549999999999997e+01
1.069300000000000000e+04,3.672800000000000153e+01,-9.678700000000000614e+01
1.077000000000000000e+04,5.932900000000000063e+01,1.806200000000000117e+01
1.083200000000000000e+04,5.152900000000000347e+01,-2.241999999999999993e+00
1.084200000000000000e+04,3.889999999999999858e+01,-7.701600000000000534e+01
1.087600000000000000e+04,3.513849999999999341e+01,-8.083250000000001023e+01
1.090500000000000000e+04,4.160999999999999943e+01,-1.216269999999999953e+02
1.105800000000000000e+04,4.365200000000000102e+01,-7.936299999999999955e+01
1.108400000000000000e+04,3.563500000000000512e+01,1.395185000000000173e+02
1.110000000000000000e+04,4.016849999999999454e+01,-8.636400000000000432e+01
1.111000000000000000e+04,3.366100000000000136e+01,-1.121860000000000070e+02
1.111400000000000000e+04,3.775200000000000244e+01,-9.725400000000000489e+01
1.125900000000000000e+04,3.948299999999999699e+01,-2.741000000000000103e+00
1.127600000000000000e+04,NaN,NaN
1.127800000000000000e+04,4.021750000000000114e+01,-9.153350000000000364e+01
1.131600000000000000e+04,5.146099999999999852e+01,-1.390000000000000124e-01
1.134200000000000000e+04,4.188550000000000040e+01,-9.648750000000001137e+01
1.153200000000000000e+04,3.559599999999999653e+01,1.169909999999999997e+02
1.157000000000000000e+04,4.043999999999999773e+01,-7.999500000000000455e+01
1.158400000000000000e+04,3.568500000000000227e+01,1.397510000000000048e+02
1.162800000000000000e+04,3.738600000000000279e+01,-1.117189999999999941e+02
1.165700000000000000e+04,5.207099999999999795e+01,4.399000000000000021e+00
1.169800000000000000e+04,4.073949999999999960e+01,-7.397950000000000159e+01
1.170600000000000000e+04,3.294050000000000011e+01,-9.681299999999998818e+01
1.178400000000000000e+04,3.522099999999999653e+01,-8.085099999999999909e+01
1.180600000000000000e+04,4.053000000000000114e+01,-1.122980000000000018e+02
1.180800000000000000e+04,3.405199999999999960e+01,-1.182570000000000050e+02
1.181600000000000000e+04,3.596900000000000119e+01,-7.879699999999999704e+01
1.183000000000000000e+04,3.043799999999999883e+01,-8.428000000000000114e+01
1.186500000000000000e+04,4.256050000000000466e+01,-8.790700000000001069e+01
1.193100000000000000e+04,3.427100000000000080e+01,-7.940399999999999636e+01
1.204500000000000000e+04,-3.195799999999999841e+01,1.157999999999999972e+02
1.212600000000000000e+04,3.569100000000000250e+01,1.396599999999999966e+02
1.223700000000000000e+04,3.779200000000000159e+01,-1.224099999999999966e+02
1.231200000000000000e+04,3.267750000000000199e+01,-1.171204999999999927e+02
1.241300000000000000e+04,3.871300000000000097e+01,-7.779500000000000171e+01
1.246700000000000000e+04,4.001700000000000301e+01,-1.052770000000000010e+02
1.249200000000000000e+04,4.546399999999999864e+01,1.055300000000000082e+01
1.267600000000000000e+04,3.778799999999999670e+01,-1.223949999999999960e+02
1.269400000000000000e+04,4.110499999999999687e+01,-7.403100000000000591e+01
1.296600000000000000e+04,4.024499999999999744e+01,-7.484499999999999886e+01
1.299300000000000000e+04,3.953099999999999881e+01,-1.049129999999999967e+02
1.303600000000000000e+04,3.888700000000000045e+01,-1.171610000000000014e+02
1.315400000000000000e+04,3.924399999999999977e+01,-9.440999999999999659e+01
1.316100000000000000e+04,4.068599999999999994e+01,-1.118750000000000000e+02
1.316600000000000000e+04,4.022899999999999920e+01,-8.231799999999999784e+01
1.322300000000000000e+04,4.141649999999999920e+01,2.204000000000000181e+00
1.324300000000000000e+04,4.387500000000000000e+01,-9.242600000000000193e+01
1.325200000000000000e+04,4.208299999999999841e+01,-7.101800000000000068e+01
1.327100000000000000e+04,4.071800000000000352e+01,-7.398999999999999488e+01
1.329300000000000000e+04,3.192249999999999943e+01,-9.536299999999999955e+01
1.336900000000000000e+04,3.973899999999999721e+01,-1.049839999999999947e+02
1.339700000000000000e+04,2.985450000000000159e+01,-9.548499999999999943e+01
1.343200000000000000e+04,3.635899999999999466e+01,7.419499999999999318e+00
1.346900000000000000e+04,3.566499999999999915e+01,1.397290000000000134e+02
1.347400000000000000e+04,2.994800000000000040e+01,-9.012999999999999545e+01
1.349400000000000000e+04,4.292049999999999699e+01,2.608099999999999952e+01
1.355600000000000000e+04,6.146600000000000108e+01,2.350000000000000000e+01
1.364300000000000000e+04,3.410799999999999699e+01,-1.172890000000000015e+02
1.371100000000000000e+04,3.560000000000000142e+01,1.395900000000000034e+02
1.380500000000000000e+04,3.460300000000000153e+01,-1.017359999999999900e+02
1.385300000000000000e+04,4.519700000000000273e+01,8.923000000000000043e+00
1.390700000000000000e+04,4.044050000000000011e+01,-7.999500000000000455e+01
1.393300000000000000e+04,3.347499999999999432e+01,-1.120494999999999948e+02
1.397400000000000000e+04,3.912299999999999756e+01,-1.025730000000000075e+02
1.397700000000000000e+04,5.086500000000000199e+01,4.940999999999999837e+00
1.398400000000000000e+04,3.380499999999999972e+01,-8.438700000000000045e+01
1.401700000000000000e+04,4.187149999999999750e+01,-8.761799999999999500e+01
1.405000000000000000e+04,-1.806500000000001549e+00,7.513899999999999579e+01
1.409700000000000000e+04,NaN,NaN
1.409900000000000000e+04,2.853800000000000026e+01,-8.137900000000000489e+01
1.417400000000000000e+04,5.746000000000000085e+01,1.554299999999999926e+01
1.422000000000000000e+04,4.445100000000000051e+01,1.186800000000000033e+01
1.426600000000000000e+04,2.978800000000000026e+01,-9.557300000000000750e+01
1.427800000000000000e+04,3.562899999999999778e+01,1.395260000000000105e+02
1.434600000000000000e+04,4.250300000000000011e+01,-9.334799999999999898e+01
1.439100000000000000e+04,5.078699999999999903e+01,8.685000000000000497e+00
1.439400000000000000e+04,3.337100000000000222e+01,-8.139449999999999363e+01
1.442100000000000000e+04,1.653300000000000125e+01,8.153300000000000125e+01
1.443200000000000000e+04,-2.746600000000000108e+01,1.530430000000000064e+02
1.444300000000000000e+04,4.035999999999999943e+01,-8.765100000000001046e+01
1.456400000000000000e+04,4.365649999999999409e+01,-7.937999999999999545e+01
1.461800000000000000e+04,3.374799999999999756e+01,-8.438700000000000045e+01
1.462400000000000000e+04,4.041400000000000148e+01,-1.116749999999999972e+02
1.469100000000000000e+04,4.819249999999999545e+01,8.466499999999999915e+00
1.470300000000000000e+04,3.695600000000000307e+01,1.133010000000000019e+02
1.475600000000000000e+04,NaN,NaN
1.478100000000000000e+04,3.410099999999999909e+01,-1.183569999999999993e+02
1.480300000000000000e+04,4.141299999999999670e+01,-8.151000000000000512e+01
1.482100000000000000e+04,1.535849999999999937e+01,1.210219999999999914e+02
1.484000000000000000e+04,4.183950000000000102e+01,1.734750000000000014e+01
1.495300000000000000e+04,NaN,NaN
1.508600000000000000e+04,3.507399999999999807e+01,-8.531799999999999784e+01
1.510000000000000000e+04,3.568299999999999983e+01,1.396930000000000121e+02
1.510900000000000000e+04,4.681950000000000500e+01,-4.807500000000000284e+01
1.519300000000000000e+04,4.080349999999999966e+01,-7.387950000000000728e+01
1.534000000000000000e+04,2.994899999999999807e+01,3.000000000000000000e+01
1.547600000000000000e+04,3.377600000000000335e+01,-8.430299999999999727e+01
1.564900000000000000e+04,2.860000000000000142e+01,7.713299999999999557e+01
1.565700000000000000e+04,3.544700000000000273e+01,1.394190000000000111e+02
1.582400000000000000e+04,4.241799999999999926e+01,-7.110599999999999454e+01
1.588000000000000000e+04,4.061299999999999955e+01,-1.118599999999999994e+02
1.589200000000000000e+04,5.576599999999999824e+01,-4.333000000000000185e+00
1.592100000000000000e+04,4.138249999999999318e+01,-6.171499999999999986e+00
1.593000000000000000e+04,3.929899999999999949e+01,1.625199999999999889e+01
1.595000000000000000e+04,6.067000000000000171e+01,1.714999999999999858e+01
1.596700000000000000e+04,5.929800000000000182e+01,1.806200000000000117e+01
1.601600000000000000e+04,4.135399999999999920e+01,-7.896750000000000114e+01
1.603000000000000000e+04,4.363850000000000051e+01,-1.224729999999999990e+02
1.606500000000000000e+04,4.552400000000000091e+01,-1.226749999999999972e+02
1.620400000000000000e+04,4.289600000000000080e+01,-7.888599999999999568e+01
1.632400000000000000e+04,4.552000000000000313e+01,-1.221550000000000011e+02
1.634000000000000000e+04,4.594500000000000028e+01,-6.666500000000000625e+01
1.636800000000000000e+04,2.853800000000000026e+01,-8.137900000000000489e+01
1.639100000000000000e+04,5.932900000000000063e+01,1.806200000000000117e+01
1.647600000000000000e+04,3.565999999999999659e+01,1.397290000000000134e+02
1.656800000000000000e+04,4.133400000000000318e+01,2.051000000000000156e+00
1.670300000000000000e+04,3.974300000000000210e+01,-8.613349999999999795e+01
1.671200000000000000e+04,3.557300000000000040e+01,1.395540000000000020e+02
1.673400000000000000e+04,3.334899999999999665e+01,-1.118409999999999940e+02
1.688600000000000000e+04,4.043999999999999773e+01,-7.999500000000000455e+01
1.693900000000000000e+04,5.288550000000000040e+01,-1.612999999999999989e+00
1.694200000000000000e+04,3.561599999999999966e+01,1.396564999999999941e+02
1.696200000000000000e+04,5.210499999999999687e+01,5.014999999999999680e+00
1.705300000000000000e+04,2.663500000000000156e+01,-8.009600000000000364e+01
1.706200000000000000e+04,4.305649999999999977e+01,1.413474999999999966e+02
1.709500000000000000e+04,3.719749999999999801e+01,-1.220570000000000022e+02
1.711500000000000000e+04,4.761500000000000199e+01,-1.223469999999999942e+02
1.714900000000000000e+04,5.933100000000000307e+01,1.802700000000000102e+01
1.724800000000000000e+04,-3.086999999999999744e+01,-7.148050000000000637e+01
1.725300000000000000e+04,4.366599999999999682e+01,-7.937800000000000011e+01
1.737800000000000000e+04,4.188800000000000523e+01,-8.765000000000000568e+01
1.739600000000000000e+04,5.933599999999999852e+01,1.806200000000000117e+01
1.744500000000000000e+04,4.370499999999999829e+01,-7.942699999999999250e+01
1.759100000000000000e+04,3.525900000000000034e+01,1.395800000000000125e+02
1.759600000000000000e+04,4.002550000000000097e+01,-1.058324999999999960e+02
1.770100000000000000e+04,3.050249999999999773e+01,-9.703249999999999886e+01
1.793100000000000000e+04,5.354699999999999704e+01,9.965999999999999304e+00
1.800700000000000000e+04,5.198349999999999937e+01,4.611499999999999488e+00
1.803600000000000000e+04,3.404599999999999937e+01,-1.184479999999999933e+02
1.804800000000000000e+04,3.415850000000000364e+01,-1.181935000000000002e+02
1.822000000000000000e+04,4.006000000000000227e+01,-7.518999999999999773e+01
1.826200000000000000e+04,3.565200000000000102e+01,1.397340000000000089e+02
1.831200000000000000e+04,3.154200000000000159e+01,-8.174750000000000227e+01
1.845400000000000000e+04,3.561399999999999721e+01,1.390389999999999873e+02
1.846500000000000000e+04,4.007699999999999818e+01,-8.690300000000000580e+01
1.850100000000000000e+04,4.143500000000000227e+01,2.196000000000000174e+00
1.866600000000000000e+04,4.122299999999999898e+01,1.725000000000000089e+00
1.877700000000000000e+04,3.692499999999999716e+01,-8.185899999999999466e+01
1.878000000000000000e+04,3.965500000000000114e+01,-1.047740000000000009e+02
1.879400000000000000e+04,3.974199999999999733e+01,-1.049839999999999947e+02
1.881200000000000000e+04,4.048299999999999699e+01,-8.899299999999999500e+01
1.886800000000000000e+04,2.803399999999999892e+01,-8.212199999999999989e+01
1.892500000000000000e+04,3.377899999999999636e+01,-8.440649999999999409e+01
1.894800000000000000e+04,3.779200000000000159e+01,-1.223990000000000009e+02
1.895600000000000000e+04,4.071399999999999864e+01,-8.765000000000000568e+01
1.895900000000000000e+04,3.438800000000000523e+01,-8.474299999999999500e+01
1.896000000000000000e+04,3.976200000000000045e+01,-1.049819999999999993e+02
1.897300000000000000e+04,3.671999999999999886e+01,-4.419999999999999929e+00
1.899500000000000000e+04,3.569100000000000250e+01,1.395010000000000048e+02
1.909400000000000000e+04,3.922749999999999915e+01,-5.886750000000000682e+01
1.911900000000000000e+04,3.382800000000000296e+01,-1.182669999999999959e+02
1.913000000000000000e+04,3.026699999999999946e+01,-9.774399999999999977e+01
1.913800000000000000e+04,4.246750000000000114e+01,-8.314400000000000546e+01
1.931100000000000000e+04,3.940500000000000114e+01,-7.661599999999999966e+01
1.933300000000000000e+04,3.413199999999999790e+01,-1.177069999999999936e+02
1.937300000000000000e+04,4.115649999999999409e+01,-8.235049999999999670e+01
1.950200000000000000e+04,-2.619999999999999929e+01,2.808299999999999841e+01
1.951100000000000000e+04,3.387100000000000222e+01,-1.179129999999999967e+02
1.969600000000000000e+04,4.020250000000000057e+01,-1.084089999999999918e+02
1.973800000000000000e+04,6.168299999999999983e+01,2.725000000000000000e+01
1.974000000000000000e+04,NaN,NaN
1.980200000000000000e+04,3.992399999999999949e+01,1.163745000000000118e+02
1.983500000000000000e+04,3.290749999999999886e+01,1.037049999999999983e+01
1.991500000000000000e+04,5.078499999999999659e+01,-1.092000000000000082e+00
1.995400000000000000e+04,3.473799999999999955e+01,1.355749999999999886e+02
2.003900000000000000e+04,4.224499999999999744e+01,-8.372599999999999909e+01
2.005600000000000000e+04,3.577850000000000108e+01,-7.871999999999999886e+01
2.013900000000000000e+04,6.045000000000000284e+01,2.542000000000000171e+01
2.031800000000000000e+04,2.507600000000000051e+01,1.215610000000000070e+02
2.038500000000000000e+04,4.497099999999999653e+01,-9.327100000000000080e+01
2.041000000000000000e+04,NaN,NaN
2.044800000000000000e+04,5.147450000000000614e+01,-1.469999999999999918e-01
2.049400000000000000e+04,5.932900000000000063e+01,1.806299999999999883e+01
2.051100000000000000e+04,4.918299999999999983e+01,1.120899999999999963e+01
2.059900000000000000e+04,4.639350000000000307e+01,6.326999999999999957e+00
2.060600000000000000e+04,3.998799999999999955e+01,-1.052459999999999951e+02
2.061900000000000000e+04,3.788000000000000256e+01,-1.222980000000000018e+02
2.073400000000000000e+04,2.507600000000000051e+01,1.215660000000000025e+02
2.076500000000000000e+04,5.072999999999999687e+01,-1.175000000000000044e+00
2.094900000000000000e+04,5.152499999999999858e+01,-3.300000000000000155e-02
2.095800000000000000e+04,4.160000000000000142e+01,-9.360899999999999466e+01
2.096200000000000000e+04,3.304250000000000398e+01,-1.017725000000000080e+02
2.105700000000000000e+04,4.760699999999999932e+01,-1.223050000000000068e+02
2.116900000000000000e+04,5.210499999999999687e+01,4.972000000000000419e+00
2.126700000000000000e+04,3.835750000000000171e+01,-7.826200000000000045e+01
2.133900000000000000e+04,3.936350000000000193e+01,-8.882500000000000284e+01
2.138800000000000000e+04,4.748899999999999721e+01,8.294000000000000483e+00
2.139400000000000000e+04,4.885799999999999699e+01,2.435000000000000053e+00
2.144500000000000000e+04,4.757500000000000284e+01,-7.883499999999999375e+01
2.158200000000000000e+04,-3.388400000000000034e+01,1.511610000000000014e+02
2.160800000000000000e+04,3.570600000000000307e+01,1.396525000000000034e+02
2.162100000000000000e+04,5.943099999999999739e+01,1.794600000000000151e+01
2.176600000000000000e+04,4.209199999999999875e+01,-7.679800000000000182e+01
2.187200000000000000e+04,3.697749999999999915e+01,-8.674350000000001160e+01
2.191100000000000000e+04,3.284000000000000341e+01,-9.680599999999999739e+01
2.207100000000000000e+04,3.465399999999999636e+01,-9.227549999999999386e+01
2.209300000000000000e+04,5.126000000000000512e+01,-3.044999999999999929e-01
2.210100000000000000e+04,3.570300000000000296e+01,1.397504999999999882e+02
2.216300000000000000e+04,3.974699999999999989e+01,-1.047690000000000055e+02
2.220800000000000000e+04,3.917300000000000182e+01,-7.748699999999999477e+01
2.222400000000000000e+04,4.194500000000000028e+01,-8.764400000000000546e+01
2.223100000000000000e+04,2.972899999999999920e+01,-9.538299999999999557e+01
2.239300000000000000e+04,5.143500000000000227e+01,-1.772999999999999909e+00
2.243500000000000000e+04,4.075000000000000000e+01,-7.399399999999999977e+01
2.255600000000000000e+04,3.982250000000000512e+01,-8.614549999999999841e+01
2.260200000000000000e+04,4.492600000000000193e+01,-9.326300000000000523e+01
2.268200000000000000e+04,4.227700000000000102e+01,-8.373999999999999488e+01
2.280000000000000000e+04,3.568399999999999750e+01,1.395849999999999795e+02
2.296000000000000000e+04,NaN,NaN
2.296300000000000000e+04,3.570900000000000318e+01,1.395550000000000068e+02
2.307800000000000000e+04,3.973899999999999721e+01,-7.661199999999999477e+01
2.310600000000000000e+04,5.933299999999999841e+01,1.810000000000000142e+01
2.332100000000000000e+04,-1.488299999999999912e+01,3.439150000000000063e+01
2.336800000000000000e+04,4.664300000000000068e+01,-4.217799999999999727e+01
2.343500000000000000e+04,3.058200000000000074e+01,-9.543200000000000216e+01
2.363800000000000000e+04,4.396500000000000341e+01,-1.212189999999999941e+02
2.363900000000000000e+04,5.146699999999999875e+01,-6.450000000000000178e-02
2.368300000000000000e+04,4.736449999999999960e+01,8.699999999999999289e+00
2.369600000000000000e+04,3.027199999999999847e+01,1.201700000000000017e+02
2.374800000000000000e+04,3.546699999999999875e+01,-1.178139999999999930e+02
2.382200000000000000e+04,3.569100000000000250e+01,1.395010000000000048e+02
2.383500000000000000e+04,3.032600000000000051e+01,-8.155299999999999727e+01
2.384000000000000000e+04,5.077450000000000330e+01,1.292450000000000010e+01
2.385700000000000000e+04,2.136650000000000205e+01,-1.579295000000000186e+02
2.403300000000000000e+04,3.569100000000000250e+01,1.392880000000000109e+02
2.404700000000000000e+04,-2.619999999999999929e+01,2.808299999999999841e+01
2.405900000000000000e+04,5.559799999999999898e+01,1.301099999999999923e+01
2.417500000000000000e+04,4.065200000000000102e+01,-7.516299999999999670e+01
2.417800000000000000e+04,5.760699999999999932e+01,-3.629999999999999893e+00
2.422600000000000000e+04,-3.781799999999999784e+01,1.451750000000000114e+02
2.434500000000000000e+04,3.374799999999999756e+01,-1.018580000000000041e+02
2.445200000000000000e+04,3.472999999999999687e+01,-8.658599999999999852e+01
2.448700000000000000e+04,NaN,NaN
2.451900000000000000e+04,1.375399999999999956e+01,1.005939999999999941e+02
2.462900000000000000e+04,4.296300000000000097e+01,-8.566800000000000637e+01
2.475000000000000000e+04,3.502100000000000080e+01,1.368660000000000139e+02
2.478100000000000000e+04,5.992249999999999943e+01,1.073199999999999932e+01
2.483700000000000000e+04,4.360399999999999920e+01,2.342999999999999972e+00
2.489700000000000000e+04,4.125650000000000261e+01,-9.342199999999999704e+01
2.493100000000000000e+04,3.350900000000000034e+01,-1.120819999999999936e+02
2.493900000000000000e+04,4.241899999999999693e+01,-7.099599999999999511e+01
2.496500000000000000e+04,-3.383100000000000307e+01,1.511999999999999886e+02
2.498100000000000000e+04,4.025150000000000006e+01,-9.202700000000000102e+01
2.500500000000000000e+04,3.573100000000000165e+01,1.397599999999999909e+02
2.504000000000000000e+04,4.532150000000000034e+01,9.218999999999999417e+00
2.513600000000000000e+04,3.746300000000000097e+01,-8.028199999999999648e+01
2.516000000000000000e+04,3.679599999999999937e+01,-1.031689999999999969e+02
2.519400000000000000e+04,4.968900000000000006e+01,-4.363299999999999557e+01
2.523100000000000000e+04,3.906300000000000239e+01,-9.460500000000000398e+01
2.526200000000000000e+04,4.172299999999999898e+01,-7.135400000000001342e+01
2.535600000000000000e+04,4.226050000000000040e+01,-9.930150000000000432e+01
2.535800000000000000e+04,3.407600000000000051e+01,-1.183940000000000055e+02
2.552900000000000000e+04,3.578999999999999915e+01,-7.854300000000000637e+01
2.557300000000000000e+04,5.083800000000000097e+01,-1.819999999999999951e-01
2.566300000000000000e+04,4.011399999999999721e+01,-1.052770000000000010e+02
2.574800000000000000e+04,-2.749599999999999866e+01,1.530130000000000052e+02
2.581400000000000000e+04,4.367799999999999727e+01,-7.944100000000000250e+01
2.585900000000000000e+04,3.973899999999999721e+01,-1.049360000000000070e+02
2.592600000000000000e+04,3.916499999999999915e+01,-8.652599999999999625e+01
2.594800000000000000e+04,NaN,NaN
2.601700000000000000e+04,4.207349999999999568e+01,-7.959600000000000364e+01
2.615200000000000000e+04,4.305599999999999739e+01,-8.940099999999999625e+01
2.616100000000000000e+04,3.365100000000000335e+01,-1.119339999999999975e+02
2.618400000000000000e+04,5.092499999999999716e+01,4.397999999999999687e+00
2.627100000000000000e+04,4.074799999999999756e+01,-7.398399999999999466e+01
2.630700000000000000e+04,NaN,NaN
2.631700000000000000e+04,4.066799999999999926e+01,-7.396099999999999852e+01
2.670800000000000000e+04,3.783100000000000307e+01,-1.222849999999999966e+02
2.674100000000000000e+04,3.880400000000000205e+01,-7.704600000000000648e+01
2.674800000000000000e+04,3.595050000000000523e+01,-6.018850000000000477e+01
2.681100000000000000e+04,5.993449999999999989e+01,1.077550000000000097e+01
2.682000000000000000e+04,3.758899999999999864e+01,-1.223389999999999986e+02
2.683400000000000000e+04,3.162699999999999889e+01,-1.031110000000000042e+02
2.690000000000000000e+04,2.693400000000000105e+01,-8.009399999999999409e+01
2.694800000000000000e+04,3.376399999999999579e+01,-8.434350000000000591e+01
2.696800000000000000e+04,2.564399999999999835e+01,-1.003529999999999944e+02
2.709500000000000000e+04,3.062699999999999889e+01,-9.633400000000000318e+01
2.713900000000000000e+04,3.879749999999999943e+01,-1.110995000000000061e+02
2.721500000000000000e+04,3.386799999999999500e+01,-9.816249999999999432e+01
2.725500000000000000e+04,3.842499999999999716e+01,2.712600000000000122e+01
2.727400000000000000e+04,3.378099999999999881e+01,-8.438700000000000045e+01
2.728300000000000000e+04,4.067300000000000182e+01,-7.387600000000000477e+01
2.735900000000000000e+04,5.192199999999999704e+01,4.488999999999999879e+00
2.736800000000000000e+04,4.200900000000000034e+01,-8.807999999999999829e+01
2.743800000000000000e+04,4.360399999999999920e+01,-7.033549999999999613e+01
2.744900000000000000e+04,5.961599999999999966e+01,1.655000000000000071e+01
2.746000000000000000e+04,4.236999999999999744e+01,-7.112300000000000466e+01
2.758000000000000000e+04,5.919450000000000500e+01,1.777199999999999847e+01
2.770600000000000000e+04,4.665050000000000097e+01,-3.966700000000000159e+01
2.779000000000000000e+04,3.540400000000000347e+01,1.367230000000000132e+02
2.793800000000000000e+04,3.891499999999999915e+01,-7.702450000000000330e+01
2.807900000000000000e+04,3.922200000000000131e+01,-8.458599999999999852e+01
2.811000000000000000e+04,3.940400000000000347e+01,-7.453400000000000603e+01
2.812100000000000000e+04,4.089300000000000068e+01,-8.151900000000000546e+01
2.812400000000000000e+04,3.352400000000000091e+01,-1.119030000000000058e+02
2.828700000000000000e+04,4.952450000000000330e+01,9.654500000000000526e+00
2.831500000000000000e+04,4.197800000000000153e+01,-8.857450000000000045e+01
2.836300000000000000e+04,-3.345000000000000284e+01,-7.066599999999999682e+01
2.840500000000000000e+04,3.897999999999999687e+01,-7.709300000000000352e+01
2.850000000000000000e+04,3.909899999999999665e+01,-9.753300000000000125e+01
2.861500000000000000e+04,4.615300000000000580e+01,-1.072115000000000009e+02
2.867200000000000000e+04,3.976200000000000045e+01,-1.049819999999999993e+02
2.868500000000000000e+04,2.668449999999999989e+01,-1.370955000000000155e+02
2.870500000000000000e+04,4.076400000000000290e+01,-7.398399999999999466e+01
2.888500000000000000e+04,3.026999999999999957e+01,-9.771800000000000352e+01
2.888700000000000000e+04,3.974799999999999756e+01,-1.050040000000000049e+02
2.890200000000000000e+04,-3.789999999999999858e+01,1.450999999999999943e+02
2.914100000000000000e+04,3.945400000000000063e+01,-1.077994999999999948e+02
2.921900000000000000e+04,4.500999999999999801e+01,-9.318000000000000682e+01
2.926100000000000000e+04,2.941100000000000136e+01,-9.864199999999999591e+01
2.927800000000000000e+04,3.593299999999999983e+01,-8.409399999999999409e+01
2.936400000000000000e+04,3.422100000000000364e+01,1.346895000000000095e+02
2.942700000000000000e+04,3.738600000000000279e+01,-1.220829999999999984e+02
2.951700000000000000e+04,4.879200000000000159e+01,9.179000000000000270e+00
2.952500000000000000e+04,3.583500000000000085e+01,-9.071200000000000330e+01
2.954200000000000000e+04,4.076100000000000279e+01,-7.398300000000000409e+01
2.962300000000000000e+04,5.144200000000000017e+01,-8.000000000000000167e-03
2.965900000000000000e+04,3.973949999999999960e+01,-1.049659999999999940e+02
2.969200000000000000e+04,4.158899999999999864e+01,-7.250799999999999557e+01
2.974500000000000000e+04,4.071600000000000108e+01,-7.326200000000000045e+01
2.977900000000000000e+04,3.892799999999999727e+01,-7.703600000000000136e+01
2.986200000000000000e+04,3.912850000000000250e+01,-9.818950000000000955e+01
2.987000000000000000e+04,4.601800000000000068e+01,-4.309149999999999636e+01
2.999300000000000000e+04,5.079099999999999682e+01,4.487000000000000099e+00
3.006300000000000000e+04,NaN,NaN
3.012400000000000000e+04,4.212700000000000244e+01,-8.804999999999999716e+01
3.013700000000000000e+04,3.232950000000000301e+01,-9.341649999999999920e+01
3.015700000000000000e+04,6.105100000000000193e+01,-1.497760000000000105e+02
3.017300000000000000e+04,4.188400000000000034e+01,-8.765099999999999625e+01
3.019800000000000000e+04,3.935249999999999915e+01,3.060050000000000381e+01
3.026400000000000000e+04,3.408299999999999841e+01,-1.183610000000000042e+02
3.026800000000000000e+04,3.472999999999999687e+01,-8.658599999999999852e+01
3.033600000000000000e+04,3.899299999999999500e+01,-8.016450000000000387e+01
3.036800000000000000e+04,3.569100000000000250e+01,1.396599999999999966e+02
3.045600000000000000e+04,NaN,NaN
3.045900000000000000e+04,3.405199999999999960e+01,-1.182429999999999950e+02
3.048200000000000000e+04,3.284300000000000352e+01,-9.680500000000000682e+01
3.053700000000000000e+04,3.963700000000000045e+01,-8.612199999999999989e+01
3.054100000000000000e+04,3.566049999999999898e+01,1.396265000000000214e+02
3.055200000000000000e+04,4.032500000000000284e+01,-7.531900000000000261e+01
3.061800000000000000e+04,3.612850000000000250e+01,-8.675249999999999773e+01
3.085300000000000000e+04,4.291700000000000159e+01,1.432040000000000077e+02
3.087800000000000000e+04,2.577400000000000091e+01,-8.019299999999999784e+01
3.094700000000000000e+04,3.563400000000000034e+01,1.397160000000000082e+02
3.097700000000000000e+04,3.896699999999999875e+01,-1.047759999999999962e+02
3.102300000000000000e+04,5.991100000000000136e+01,1.073700000000000010e+01
3.107100000000000000e+04,3.764699999999999847e+01,-7.743999999999999773e+01
3.107900000000000000e+04,1.042849999999999966e+01,-5.679500000000000171e+01
3.111000000000000000e+04,3.570900000000000318e+01,1.395550000000000068e+02
3.114600000000000000e+04,2.507200000000000273e+01,1.214364999999999952e+02
3.115000000000000000e+04,3.404550000000000409e+01,-1.182884999999999991e+02
3.128300000000000000e+04,-2.734799999999999898e+01,1.530180000000000007e+02
3.129100000000000000e+04,3.193550000000000111e+01,-1.068189999999999884e+02
3.139900000000000000e+04,3.756600000000000250e+01,1.269989999999999952e+02
3.149700000000000000e+04,-3.396600000000000108e+01,2.558299999999999841e+01
3.158200000000000000e+04,3.953300000000000125e+01,-8.156100000000000705e+01
3.165300000000000000e+04,5.142900000000000205e+01,-1.229999999999999982e-01
3.167700000000000000e+04,NaN,NaN
3.169200000000000000e+04,3.744700000000000273e+01,-1.212925000000000040e+02
3.173900000000000000e+04,3.999399999999999977e+01,-8.305800000000000693e+01
3.182300000000000000e+04,2.974800000000000111e+01,-9.537800000000000011e+01
3.195700000000000000e+04,4.152100000000000080e+01,-8.175700000000000500e+01
3.198900000000000000e+04,3.999349999999999739e+01,-8.301749999999999829e+01
3.206400000000000000e+04,3.864800000000000324e+01,-9.042900000000000205e+01
3.209000000000000000e+04,4.972200000000000131e+01,-1.249330000000000069e+02
3.210200000000000000e+04,5.246699999999999875e+01,1.333300000000000018e+01
3.221700000000000000e+04,3.831250000000000000e+01,-7.629200000000000159e+01
3.224100000000000000e+04,NaN,NaN
3.232600000000000000e+04,3.383299999999999841e+01,-9.385399999999999920e+01
3.259900000000000000e+04,5.935000000000000142e+01,1.805000000000000071e+01
3.260900000000000000e+04,3.891299999999999670e+01,-7.722799999999999443e+01
3.264600000000000000e+04,3.851500000000000057e+01,-9.032399999999999807e+01
3.271100000000000000e+04,3.974349999999999739e+01,-1.050020000000000095e+02
3.271400000000000000e+04,3.897099999999999653e+01,-9.523499999999999943e+01
3.280600000000000000e+04,3.302000000000000313e+01,-9.684799999999999898e+01
3.282500000000000000e+04,3.260900000000000176e+01,-8.548000000000000398e+01
3.289200000000000000e+04,5.239500000000000313e+01,-1.915999999999999925e+00
3.292300000000000000e+04,3.441400000000000148e+01,-9.153499999999999659e+01
3.293000000000000000e+04,3.410300000000000153e+01,-1.184099999999999966e+02
3.305600000000000000e+04,3.791400000000000148e+01,-1.216794999999999902e+02
3.306500000000000000e+04,5.492300000000000182e+01,-1.673999999999999932e+00
3.311900000000000000e+04,3.711350000000000193e+01,-1.003430000000000035e+02
3.329400000000000000e+04,2.853800000000000026e+01,-8.115300000000000580e+01
3.331200000000000000e+04,5.223299999999999699e+01,5.169999999999999929e+00
3.338300000000000000e+04,4.091200000000000614e+01,-7.307850000000000534e+01
3.347100000000000000e+04,4.552300000000000324e+01,-1.226760000000000019e+02
3.348100000000000000e+04,4.071399999999999864e+01,-7.400499999999999545e+01
3.357400000000000000e+04,3.353099999999999881e+01,-8.194799999999999329e+01
3.359700000000000000e+04,3.015399999999999991e+01,-9.202800000000000580e+01
3.363500000000000000e+04,3.542799999999999727e+01,-8.076999999999999602e+01
3.367900000000000000e+04,6.008299999999999841e+01,2.762449999999999761e+01
3.369300000000000000e+04,3.568299999999999983e+01,1.396160000000000139e+02
3.370800000000000000e+04,5.215400000000000347e+01,-1.250000000000000000e+00
3.383200000000000000e+04,3.293999999999999773e+01,-9.680599999999999739e+01
3.389000000000000000e+04,1.465099999999999980e+01,1.209819999999999993e+02
3.396800000000000000e+04,4.366700000000000159e+01,-7.937399999999999523e+01
3.398000000000000000e+04,3.500000000000000000e+01,1.357500000000000000e+02
3.405800000000000000e+04,3.418999999999999773e+01,-8.216200000000000614e+01
3.409000000000000000e+04,4.067499999999999716e+01,-7.398300000000000409e+01
3.416300000000000000e+04,NaN,NaN
3.418600000000000000e+04,4.018299999999999983e+01,-7.615900000000000603e+01
3.420600000000000000e+04,5.575200000000000244e+01,3.761500000000000199e+01
3.421600000000000000e+04,-3.292699999999999960e+01,1.516160000000000139e+02
3.433500000000000000e+04,3.881850000000000023e+01,-4.190000000000000391e-01
3.447000000000000000e+04,3.590200000000000102e+01,-7.893899999999999295e+01
3.462000000000000000e+04,3.784000000000000341e+01,1.167005000000000052e+02
3.462500000000000000e+04,4.376500000000000057e+01,-7.941100000000000136e+01
3.466100000000000000e+04,5.930400000000000205e+01,1.810699999999999932e+01
3.479500000000000000e+04,3.823199999999999932e+01,-1.226359999999999957e+02
3.504900000000000000e+04,4.131199999999999761e+01,-8.057750000000000057e+01
3.513000000000000000e+04,3.412400000000000233e+01,-1.182600000000000051e+02
3.517000000000000000e+04,5.182399999999999807e+01,4.142000000000000348e+00
3.523000000000000000e+04,3.917300000000000182e+01,-7.725799999999999557e+01
3.530800000000000000e+04,3.405199999999999960e+01,-1.182429999999999950e+02
3.531900000000000000e+04,3.736200000000000188e+01,-9.723750000000001137e+01
3.537400000000000000e+04,3.973899999999999721e+01,-1.049839999999999947e+02
3.538400000000000000e+04,6.017499999999999716e+01,2.493400000000000105e+01
3.539700000000000000e+04,4.001400000000000290e+01,-1.052699999999999960e+02
3.541600000000000000e+04,4.497800000000000153e+01,-9.326600000000000534e+01
3.542300000000000000e+04,3.289399999999999835e+01,-9.696399999999999864e+01
3.553300000000000000e+04,3.999199999999999733e+01,1.163970000000000056e+02
3.555600000000000000e+04,3.879699999999999704e+01,-1.184000000000000057e+02
3.558500000000000000e+04,3.777400000000000091e+01,-1.224039999999999964e+02
3.565100000000000000e+04,4.760600000000000165e+01,-1.223319999999999936e+02
3.569400000000000000e+04,3.148450000000000060e+01,1.204724999999999966e+02
3.595900000000000000e+04,3.741700000000000159e+01,-9.382099999999999795e+01
3.598700000000000000e+04,3.910250000000000625e+01,-8.731900000000000261e+01
3.599100000000000000e+04,4.441149999999999665e+01,-9.806999999999999318e+01
3.599800000000000000e+04,3.909100000000000108e+01,-9.441500000000000625e+01
3.616000000000000000e+04,2.974800000000000111e+01,-9.541100000000000136e+01
3.619700000000000000e+04,3.576100000000000279e+01,-9.554600000000000648e+01
3.627600000000000000e+04,3.764300000000000068e+01,-7.743949999999999534e+01
3.633100000000000000e+04,4.010649999999999693e+01,-8.498949999999999250e+01
3.635100000000000000e+04,3.052100000000000080e+01,-8.928999999999999204e+01
3.635500000000000000e+04,3.405199999999999960e+01,-1.182429999999999950e+02
3.635900000000000000e+04,3.566599999999999682e+01,1.396040000000000134e+02
3.639000000000000000e+04,3.396550000000000580e+01,1.345860000000000127e+02
3.644800000000000000e+04,4.445100000000000051e+01,9.210000000000000853e+00
3.646800000000000000e+04,3.369700000000000273e+01,-1.177339999999999947e+02
3.647000000000000000e+04,5.182399999999999807e+01,4.142000000000000348e+00
3.651000000000000000e+04,4.105700000000000216e+01,-8.140000000000000568e-01
3.651700000000000000e+04,4.075999999999999801e+01,-7.761499999999999488e+01
3.652500000000000000e+04,2.971699999999999875e+01,-9.618850000000000477e+01
3.655100000000000000e+04,4.190999999999999659e+01,-8.767400000000000659e+01
3.670700000000000000e+04,5.206099999999999994e+01,6.682999999999999829e+00
3.672200000000000000e+04,3.413400000000000034e+01,-1.182270000000000039e+02
3.675700000000000000e+04,3.242649999999999721e+01,-1.141099999999999994e+02
3.683000000000000000e+04,4.315400000000000347e+01,-7.761299999999999955e+01
3.685900000000000000e+04,3.410000000000000142e+01,-1.182830000000000013e+02
3.686800000000000000e+04,5.992399999999999949e+01,1.074300000000000033e+01
3.689300000000000000e+04,4.107699999999999818e+01,2.881200000000000117e+01
3.691700000000000000e+04,3.871600000000000108e+01,-9.132999999999999119e+00
3.695600000000000000e+04,4.215850000000000364e+01,-9.512649999999999295e+01
3.699000000000000000e+04,3.415599999999999881e+01,-1.183239999999999981e+02
3.700100000000000000e+04,5.143299999999999983e+01,9.189000000000000057e+00
3.705200000000000000e+04,5.093299999999999983e+01,1.157399999999999984e+01
3.708700000000000000e+04,3.569100000000000250e+01,1.395500000000000114e+02
3.710800000000000000e+04,4.182000000000000028e+01,-7.142499999999999716e+01
3.711600000000000000e+04,4.684799999999999898e+01,9.529999999999999361e+00
3.714100000000000000e+04,4.552300000000000324e+01,-1.226760000000000019e+02
3.717500000000000000e+04,3.996249999999999858e+01,-7.516299999999999670e+01
3.724700000000000000e+04,-4.129299999999999926e+01,1.747760000000000105e+02
3.726900000000000000e+04,4.166299999999999670e+01,-8.355500000000000682e+01
3.730500000000000000e+04,-3.381600000000000250e+01,1.511659999999999968e+02
3.731200000000000000e+04,4.676800000000000068e+01,-7.748399999999999466e+01
3.740100000000000000e+04,-3.492999999999999972e+01,1.449650000000000034e+02
3.749500000000000000e+04,5.148700000000000188e+01,-3.290000000000000147e-01
3.751100000000000000e+04,5.047899999999999920e+01,8.224499999999999034e+00
3.764100000000000000e+04,3.517600000000000193e+01,1.390389999999999873e+02
3.764500000000000000e+04,4.885000000000000142e+01,2.391999999999999904e+00
3.766300000000000000e+04,3.282200000000000273e+01,-9.678700000000000614e+01
3.769800000000000000e+04,4.366599999999999682e+01,-7.941599999999999682e+01
3.787800000000000000e+04,3.828900000000000148e+01,-1.213070000000000022e+02
3.799100000000000000e+04,3.026899999999999835e+01,-9.774949999999999761e+01
3.801700000000000000e+04,3.779800000000000182e+01,-1.222699999999999960e+02
3.807000000000000000e+04,4.881600000000000250e+01,2.216000000000000192e+00
3.816300000000000000e+04,3.914699999999999847e+01,-9.558599999999999852e+01
3.816800000000000000e+04,4.092549999999999955e+01,-7.529999999999998916e-01
3.842500000000000000e+04,5.028300000000000125e+01,6.126000000000000334e+00
3.857800000000000000e+04,3.970999999999999375e+01,2.804950000000000188e+01
3.858600000000000000e+04,5.152600000000000335e+01,-1.219999999999999973e-01
3.872100000000000000e+04,3.895600000000000307e+01,-9.472299999999999898e+01
3.877100000000000000e+04,4.775200000000000244e+01,-1.222780000000000058e+02
3.877900000000000000e+04,3.568149999999999977e+01,1.395749999999999886e+02
3.880600000000000000e+04,3.672749999999999915e+01,-1.098520000000000039e+02
3.881800000000000000e+04,3.409000000000000341e+01,-1.183610000000000042e+02
3.882800000000000000e+04,3.464999999999999858e+01,1.355740000000000123e+02
3.896700000000000000e+04,3.562299999999999756e+01,1.395180000000000007e+02
3.898700000000000000e+04,3.357999999999999829e+01,2.250950000000000273e+01
3.900900000000000000e+04,5.194200000000000017e+01,5.080000000000000071e+00
3.912100000000000000e+04,5.991100000000000136e+01,1.073700000000000010e+01
3.916000000000000000e+04,4.139300000000000068e+01,-7.345399999999999352e+01
3.921400000000000000e+04,4.535000000000000142e+00,1.147270000000000039e+02
3.923400000000000000e+04,4.010949999999999704e+01,-7.400499999999999545e+01
3.932400000000000000e+04,-3.684799999999999898e+01,1.747630000000000052e+02
3.936300000000000000e+04,3.027599999999999980e+01,-9.774299999999999500e+01
3.964900000000000000e+04,3.759000000000000341e+01,1.270100000000000051e+02
3.969000000000000000e+04,5.298499999999999943e+01,-2.914500000000000313e+00
3.969400000000000000e+04,4.122299999999999898e+01,1.725000000000000089e+00
3.976600000000000000e+04,3.866599999999999682e+01,-7.737649999999999295e+01
3.987900000000000000e+04,4.303699999999999903e+01,-8.790800000000000125e+01
3.993500000000000000e+04,3.425000000000000000e+01,-7.831550000000000011e+01
3.993600000000000000e+04,4.023299999999999699e+01,-9.523499999999999943e+01
4.000700000000000000e+04,3.778050000000000352e+01,-1.100745000000000005e+02
4.001200000000000000e+04,4.081300000000000239e+01,-9.661700000000000443e+01
4.005900000000000000e+04,3.393699999999999761e+01,-1.172300000000000040e+02
4.015500000000000000e+04,1.836400000000000077e+01,-6.604999999999999716e+01
4.031000000000000000e+04,3.444700000000000273e+01,-1.192420000000000044e+02
4.032700000000000000e+04,3.644650000000000034e+01,-7.920550000000000068e+01
4.034800000000000000e+04,4.761350000000000193e+01,-1.223269999999999982e+02
4.035300000000000000e+04,-3.776200000000000045e+01,1.449099999999999966e+02
4.041700000000000000e+04,2.857199999999999918e+01,7.723199999999999932e+01
4.052700000000000000e+04,4.483500000000000085e+01,-6.540999999999999659e+01
4.053400000000000000e+04,4.209799999999999898e+01,-7.723699999999999477e+01
4.062100000000000000e+04,3.995000000000000284e+01,-7.516500000000000625e+01
4.063600000000000000e+04,4.279999999999999716e+01,-7.130400000000000205e+01
4.067900000000000000e+04,3.425399999999999778e+01,-1.100289999999999964e+02
4.068500000000000000e+04,1.834600000000000009e+01,-6.566599999999999682e+01
4.071100000000000000e+04,5.990899999999999892e+01,1.079899999999999949e+01
4.079900000000000000e+04,3.362899999999999778e+01,-9.684799999999999898e+01
4.080700000000000000e+04,4.001400000000000290e+01,-1.052699999999999960e+02
4.086800000000000000e+04,3.892199999999999704e+01,-7.713700000000000045e+01
4.088500000000000000e+04,3.175950000000000273e+01,-4.042150000000000176e+01
4.088900000000000000e+04,3.550050000000000239e+01,-9.752400000000000091e+01
4.099400000000000000e+04,4.195000000000000284e+01,-7.980349999999999966e+01
4.100200000000000000e+04,4.297599999999999909e+01,-8.183050000000000068e+01
4.108400000000000000e+04,5.943599999999999994e+01,1.066900000000000048e+01
4.119100000000000000e+04,5.368299999999999983e+01,-2.330999999999999961e+00
4.141800000000000000e+04,4.766499999999999915e+01,-7.791649999999999920e+01
4.148400000000000000e+04,2.905399999999999849e+01,-8.134099999999999397e+01
4.151600000000000000e+04,3.591199999999999903e+01,-7.898850000000000193e+01
4.168100000000000000e+04,3.777400000000000091e+01,-1.220540000000000020e+02
4.170500000000000000e+04,4.233800000000000097e+01,-7.106999999999999318e+01
4.188000000000000000e+04,3.941049999999999898e+01,-7.254050000000000864e+01
4.199000000000000000e+04,4.785800000000000409e+01,3.713499999999999801e+00
4.199400000000000000e+04,3.514099999999999824e+01,-8.276300000000000523e+01
4.212800000000000000e+04,1.460499999999999687e+00,3.548750000000000426e+01
4.216500000000000000e+04,3.874399999999999977e+01,-9.147000000000000242e+00
4.217400000000000000e+04,3.552499999999999858e+01,1.394275000000000091e+02
4.220300000000000000e+04,4.380299999999999727e+01,-7.944799999999999329e+01
4.228100000000000000e+04,3.878199999999999648e+01,-7.941599999999999682e+01
4.228800000000000000e+04,3.935349999999999682e+01,-9.619550000000000978e+01
4.230300000000000000e+04,5.196200000000000330e+01,1.000000000000000000e+01
4.238900000000000000e+04,3.904999999999999716e+01,-9.457299999999999329e+01
4.252100000000000000e+04,4.023199999999999932e+01,-8.336250000000001137e+01
4.261700000000000000e+04,3.303499999999999659e+01,-9.702700000000000102e+01
4.273000000000000000e+04,3.569100000000000250e+01,1.395010000000000048e+02
4.280500000000000000e+04,3.522899999999999920e+01,1.368430000000000177e+02
4.285800000000000000e+04,5.576800000000000068e+01,3.764399999999999835e+01
4.290400000000000000e+04,5.933050000000000068e+01,1.806499999999999773e+01
4.294100000000000000e+04,6.022800000000000153e+01,2.493400000000000105e+01
4.296200000000000000e+04,NaN,NaN
4.297700000000000000e+04,-3.200000000000000000e+01,1.158919999999999959e+02
4.305500000000000000e+04,3.776600000000000534e+01,-1.203755000000000024e+02
4.305900000000000000e+04,4.084600000000000364e+01,-9.948600000000000421e+01
4.306600000000000000e+04,4.165449999999999875e+01,-1.225365000000000038e+02
4.310800000000000000e+04,3.378450000000000131e+01,-1.098629999999999995e+02
4.341900000000000000e+04,4.072650000000000148e+01,-7.399500000000000455e+01
4.349200000000000000e+04,-3.886700000000000443e+01,1.429250000000000114e+02
4.349300000000000000e+04,3.871150000000000091e+01,-1.203669999999999902e+02
4.354400000000000000e+04,3.771600000000000108e+01,-1.066209999999999951e+02
4.357600000000000000e+04,4.102499999999999858e+01,-7.362399999999999523e+01
4.367700000000000000e+04,3.752100000000000080e+01,1.269740000000000038e+02
4.401100000000000000e+04,3.883500000000000085e+01,-1.048169999999999931e+02
4.406700000000000000e+04,3.936499999999999488e+01,-8.061400000000000432e+01
4.417100000000000000e+04,3.906099999999999994e+01,-9.435999999999999943e+01
4.422200000000000000e+04,4.303799999999999670e+01,-8.790600000000000591e+01
4.441900000000000000e+04,4.001400000000000290e+01,-1.052699999999999960e+02
4.450800000000000000e+04,NaN,NaN
4.451200000000000000e+04,3.783100000000000307e+01,-1.220250000000000057e+02
4.452600000000000000e+04,3.777400000000000091e+01,-9.814750000000000796e+01
4.460300000000000000e+04,3.885499999999999687e+01,-9.479900000000000659e+01
4.463000000000000000e+04,3.401200000000000045e+01,-8.039650000000000318e+01
4.464300000000000000e+04,5.133899999999999864e+01,8.881999999999999673e+00
4.468900000000000000e+04,4.338600000000000279e+01,-7.983700000000000330e+01
4.470600000000000000e+04,3.589500000000000313e+01,-7.883299999999999841e+01
4.483300000000000000e+04,4.635000000000000142e+01,-7.254900000000000659e+01
4.483800000000000000e+04,6.021249999999999858e+01,2.491750000000000043e+01
4.488100000000000000e+04,3.165999999999999925e+00,1.017000000000000028e+02
4.488900000000000000e+04,3.568500000000000227e+01,1.395229999999999961e+02
4.489400000000000000e+04,-3.302799999999999869e+01,-7.152800000000000580e+01
4.497600000000000000e+04,3.486700000000000443e+01,-8.282800000000000296e+01
4.499200000000000000e+04,2.579700000000000060e+01,-8.018600000000000705e+01
4.502600000000000000e+04,5.209000000000000341e+01,5.121999999999999886e+00
4.504600000000000000e+04,5.147399999999999665e+01,-3.430000000000000271e-01
4.505400000000000000e+04,2.619350000000000023e+01,-8.016200000000000614e+01
4.507300000000000000e+04,4.066799999999999926e+01,-1.118229999999999933e+02
4.509400000000000000e+04,3.165999999999999925e+00,1.017000000000000028e+02
4.510300000000000000e+04,5.151449999999999818e+01,-3.044999999999999929e-01
4.511300000000000000e+04,4.064300000000000068e+01,-7.390000000000000568e+01
4.513500000000000000e+04,2.854200000000000159e+01,-8.137800000000000011e+01
4.518100000000000000e+04,3.546699999999999875e+01,-7.062300000000000466e+01
4.527800000000000000e+04,4.041400000000000148e+01,-1.117579999999999956e+02
4.534100000000000000e+04,4.658700000000000330e+01,-1.225399999999999920e+02
4.534800000000000000e+04,5.164300000000000068e+01,9.983000000000000540e+00
4.538000000000000000e+04,3.749750000000000227e+01,-7.900950000000000273e+01
4.545100000000000000e+04,3.567199999999999704e+01,1.396810000000000116e+02
4.555200000000000000e+04,3.529999999999999716e+01,1.371500000000000057e+02
4.561900000000000000e+04,3.936699999999999733e+01,-8.299800000000000466e+01
4.563400000000000000e+04,5.103300000000000125e+01,4.397999999999999687e+00
4.563900000000000000e+04,4.000300000000000011e+01,-7.659600000000000364e+01
4.565100000000000000e+04,4.248700000000000188e+01,-8.314400000000000546e+01
4.571900000000000000e+04,3.798900000000000432e+01,-1.219900000000000091e+02
4.577900000000000000e+04,5.150800000000000267e+01,-1.250000000000000000e-01
4.584300000000000000e+04,4.758650000000000091e+01,-1.223045000000000044e+02
4.584800000000000000e+04,3.119300000000000139e+01,1.133100000000000023e+02
4.588100000000000000e+04,3.777400000000000091e+01,-1.224189999999999969e+02
4.591100000000000000e+04,4.043299999999999983e+01,-7.995399999999999352e+01
4.592400000000000000e+04,4.292900000000000205e+01,-7.880349999999999966e+01
4.603000000000000000e+04,3.562899999999999778e+01,1.400560000000000116e+02
4.611300000000000000e+04,1.328999999999999959e+00,1.038040000000000020e+02
4.611500000000000000e+04,3.398899999999999721e+01,-9.068699999999999761e+01
4.635200000000000000e+04,4.034799999999999898e+01,-7.465900000000000603e+01
4.652800000000000000e+04,3.386999999999999744e+01,-1.179249999999999972e+02
4.659800000000000000e+04,4.071800000000000352e+01,-1.220729999999999933e+02
4.660700000000000000e+04,3.377900000000000347e+01,-8.438700000000000045e+01
4.667400000000000000e+04,3.247699999999999676e+01,-9.367600000000000193e+01
4.671500000000000000e+04,3.388250000000000028e+01,-8.431999999999999318e+01
4.678900000000000000e+04,3.397999999999999687e+01,-1.184590000000000032e+02
4.685000000000000000e+04,5.260000000000000142e+01,-1.558000000000000052e+00
4.687100000000000000e+04,3.583350000000000080e+01,-7.864449999999999363e+01
4.688000000000000000e+04,3.729899999999999949e+01,-1.219489999999999981e+02
4.706000000000000000e+04,5.991100000000000136e+01,1.073700000000000010e+01
4.709700000000000000e+04,4.220100000000000051e+01,-8.362099999999999511e+01
4.713500000000000000e+04,4.027100000000000080e+01,-7.689000000000000057e+01
4.718400000000000000e+04,1.009500000000000242e+01,7.323850000000000193e+01
4.724700000000000000e+04,3.278099999999999881e+01,-9.680100000000000193e+01
4.725800000000000000e+04,4.551599999999999824e+01,-7.358199999999999363e+01
4.727200000000000000e+04,3.026699999999999946e+01,-9.774299999999999500e+01
4.735800000000000000e+04,3.350500000000000256e+01,-8.679900000000000659e+01
4.741200000000000000e+04,3.405199999999999960e+01,-1.182429999999999950e+02
4.759200000000000000e+04,3.779699999999999704e+01,-1.223919999999999959e+02
4.760900000000000000e+04,4.062749999999999773e+01,-7.433750000000000568e+01
4.768100000000000000e+04,4.032200000000000273e+01,-7.458350000000000080e+01
4.772600000000000000e+04,4.188100000000000023e+01,-8.764000000000000057e+01
4.796000000000000000e+04,3.765400000000000347e+01,-1.118239999999999981e+02
4.803400000000000000e+04,5.151399999999999579e+01,-1.204999999999999960e-01
4.814600000000000000e+04,3.939650000000000318e+01,-7.668600000000000705e+01
4.815000000000000000e+04,3.716799999999999926e+01,-1.216269999999999953e+02
4.822300000000000000e+04,4.942900000000000205e+01,-4.009949999999999903e+01
4.825400000000000000e+04,3.572549999999999670e+01,5.658500000000000085e+01
4.826000000000000000e+04,3.929749999999999943e+01,-9.250350000000000250e+01
4.829500000000000000e+04,5.120900000000000318e+01,6.766000000000000014e+00
4.832100000000000000e+04,4.703699999999999903e+01,-1.229000000000000057e+02
4.835500000000000000e+04,2.492150000000000176e+01,2.559499999999999886e+01
4.845700000000000000e+04,4.319700000000000273e+01,-7.087399999999999523e+01
4.883300000000000000e+04,-2.800100000000000122e+01,1.512249999999999943e+02
4.887700000000000000e+04,4.546399999999999864e+01,9.189000000000000057e+00
4.891100000000000000e+04,3.569100000000000250e+01,1.396599999999999966e+02
4.891400000000000000e+04,4.543349999999999511e+01,1.057000000000000028e+01
4.892300000000000000e+04,4.888199999999999790e+01,2.379999999999999893e+00
4.894100000000000000e+04,3.561399999999999721e+01,1.395269999999999868e+02
4.895800000000000000e+04,5.101650000000000063e+01,4.092000000000000526e+00
4.896200000000000000e+04,3.528350000000000364e+01,-9.160550000000000637e+01
4.907000000000000000e+04,3.825399999999999778e+01,-8.575900000000000034e+01
4.908800000000000000e+04,2.577400000000000091e+01,-8.019299999999999784e+01
4.916800000000000000e+04,2.813599999999999923e+01,-8.200100000000000477e+01
4.917100000000000000e+04,4.074300000000000210e+01,-7.403199999999999648e+01
4.933100000000000000e+04,5.205700000000000216e+01,4.493000000000000327e+00
4.934600000000000000e+04,-3.189000000000000057e+01,1.158179999999999978e+02
4.936200000000000000e+04,3.897549999999999670e+01,-7.992750000000000909e+01
4.937700000000000000e+04,3.356700000000000017e+01,-1.018580000000000041e+02
4.938500000000000000e+04,1.942099999999999937e+01,-9.916500000000000625e+01
4.944700000000000000e+04,4.563799999999999812e+01,-1.226610000000000014e+02
4.949900000000000000e+04,3.959550000000000125e+01,-1.050000000000000000e+02
4.959000000000000000e+04,4.406300000000000239e+01,1.258000000000000007e+01
4.967500000000000000e+04,3.406550000000000011e+01,-1.184474999999999909e+02
4.979700000000000000e+04,3.409000000000000341e+01,-1.183259999999999934e+02
4.983400000000000000e+04,4.877100000000000080e+01,6.746999999999999886e+00
4.985100000000000000e+04,3.256799999999999784e+01,1.695000000000000284e+00
4.986900000000000000e+04,5.595000000000000284e+01,-3.200000000000000178e+00
4.992500000000000000e+04,3.568800000000000239e+01,1.397249999999999943e+02
4.994100000000000000e+04,-4.123299999999999699e+01,1.747829999999999870e+02
4.994400000000000000e+04,3.973799999999999955e+01,-3.626999999999999780e+00
5.005600000000000000e+04,5.148700000000000188e+01,-1.133000000000000007e+00
5.007200000000000000e+04,4.223049999999999926e+01,-8.477700000000000102e+01
5.013700000000000000e+04,3.775300000000000011e+01,-1.224860000000000042e+02
5.015700000000000000e+04,4.189699999999999847e+01,-8.762600000000000477e+01
5.018800000000000000e+04,-2.749299999999999855e+01,1.530060000000000002e+02
5.020000000000000000e+04,4.002649999999999864e+01,-1.136574999999999989e+02
5.032900000000000000e+04,4.582900000000000063e+01,8.820999999999999730e+00
5.034900000000000000e+04,6.157899999999999352e+01,1.031350000000000122e+01
5.038900000000000000e+04,3.709600000000000364e+01,-7.997700000000000387e+01
5.042900000000000000e+04,4.253699999999999903e+01,-8.348099999999999454e+01
5.044100000000000000e+04,3.995700000000000074e+01,-1.051569999999999965e+02
5.049600000000000000e+04,3.406700000000000017e+01,-1.183990000000000009e+02
5.053200000000000000e+04,3.347599999999999909e+01,-8.196999999999999886e+01
5.063500000000000000e+04,3.823199999999999932e+01,-8.679900000000000659e+01
5.078500000000000000e+04,3.974499999999999744e+01,-1.049890000000000043e+02
5.081700000000000000e+04,6.018699999999999761e+01,2.482199999999999918e+01
5.084100000000000000e+04,3.033200000000000074e+01,-8.165500000000000114e+01
5.087400000000000000e+04,-3.781499999999999773e+01,1.449579999999999984e+02
5.092000000000000000e+04,4.111799999999999500e+01,-8.513349999999999795e+01
5.094700000000000000e+04,NaN,NaN
5.098300000000000000e+04,4.364999999999999858e+01,-7.937099999999999511e+01
5.109600000000000000e+04,4.755199999999999960e+01,-1.222944999999999993e+02
5.110100000000000000e+04,4.007000000000000028e+01,-7.570600000000000307e+01
5.114900000000000000e+04,3.517499999999999716e+01,1.368859999999999957e+02
5.115200000000000000e+04,4.125800000000000267e+01,-9.593699999999999761e+01
5.118400000000000000e+04,5.097299999999999898e+01,-1.399999999999999911e+00
5.132200000000000000e+04,4.886599999999999966e+01,2.432999999999999829e+00
5.147500000000000000e+04,-3.382500000000000284e+01,1.511999999999999886e+02
5.152000000000000000e+04,3.389000000000000057e+01,-8.430299999999999727e+01
5.178000000000000000e+04,-3.384300000000000352e+01,1.512074999999999818e+02
5.180300000000000000e+04,2.668900000000000006e+01,-8.009900000000000375e+01
5.180700000000000000e+04,3.346300000000000097e+01,-8.673099999999999454e+01
5.181900000000000000e+04,3.162599999999999767e+01,-9.774500000000000455e+01
5.184300000000000000e+04,5.077100000000000080e+01,-1.877999999999999892e+00
5.186200000000000000e+04,4.338400000000000034e+01,-8.635699999999999932e+01
5.197000000000000000e+04,3.578999999999999915e+01,-7.854300000000000637e+01
5.208000000000000000e+04,4.542000000000000171e+01,-7.568999999999999773e+01
5.220400000000000000e+04,4.553399999999999892e+01,-1.226590000000000060e+02
5.221500000000000000e+04,4.365500000000000114e+01,-1.162570000000000050e+02
5.223700000000000000e+04,3.377599999999999625e+01,-8.429750000000001364e+01
5.225700000000000000e+04,4.105299999999999727e+01,2.902400000000000091e+01
5.226000000000000000e+04,4.048400000000000176e+01,-8.899299999999999500e+01
5.227300000000000000e+04,3.380799999999999983e+01,-1.179950000000000045e+02
5.227700000000000000e+04,3.288250000000000028e+01,-9.707500000000000284e+01
5.233800000000000000e+04,-3.345000000000000284e+01,-7.064900000000000091e+01
5.255100000000000000e+04,2.963150000000000261e+01,-8.230649999999999977e+01
5.256400000000000000e+04,4.075500000000000256e+01,-7.399599999999999511e+01
5.256800000000000000e+04,2.614349999999999952e+01,-8.017750000000000909e+01
5.265700000000000000e+04,4.925750000000000028e+01,-1.229184999999999945e+02
5.279600000000000000e+04,3.881799999999999784e+01,-7.704600000000000648e+01
5.279700000000000000e+04,3.308500000000000085e+01,-9.662800000000000011e+01
5.280900000000000000e+04,3.907049999999999557e+01,-9.632800000000000296e+01
5.289300000000000000e+04,3.476200000000000045e+01,1.355105000000000075e+02
5.296600000000000000e+04,4.885300000000000153e+01,2.347999999999999865e+00
5.308100000000000000e+04,3.900450000000000017e+01,-9.462449999999999761e+01
5.316700000000000000e+04,5.143699999999999761e+01,-1.219999999999999973e-01
5.317200000000000000e+04,3.837400000000000233e+01,-7.506900000000000261e+01
5.317700000000000000e+04,4.001400000000000290e+01,-7.993000000000000682e+01
5.319300000000000000e+04,3.876600000000000534e+01,-1.016094999999999970e+02
5.338500000000000000e+04,3.579049999999999443e+01,-7.880299999999999727e+01
5.342300000000000000e+04,5.932900000000000063e+01,1.806200000000000117e+01
5.343700000000000000e+04,5.112149999999999750e+01,-1.076999999999999957e+00
5.347400000000000000e+04,3.389000000000000057e+01,-1.183979999999999961e+02
5.359500000000000000e+04,4.888499999999999801e+01,2.347999999999999865e+00
5.363500000000000000e+04,3.781449999999999534e+01,-5.756349999999999767e+01
5.371600000000000000e+04,3.570450000000000301e+01,1.394519999999999982e+02
5.373900000000000000e+04,4.230400000000000205e+01,-9.680599999999999739e+01
5.381000000000000000e+04,3.688300000000000267e+01,-7.628400000000000603e+01
5.383200000000000000e+04,5.246600000000000108e+01,-1.915999999999999925e+00
5.383400000000000000e+04,3.978900000000000148e+01,-1.047639999999999958e+02
5.388100000000000000e+04,-3.196349999999999980e+01,1.158624999999999972e+02
5.392100000000000000e+04,5.356700000000000017e+01,9.958999999999999631e+00
5.392800000000000000e+04,4.225199999999999534e+01,-8.901300000000000523e+01
5.406000000000000000e+04,3.722599999999999909e+01,-1.218949999999999960e+02
5.408400000000000000e+04,3.680150000000000432e+01,1.392810000000000059e+02
5.408500000000000000e+04,4.066100000000000136e+01,-7.421200000000000330e+01
5.412600000000000000e+04,2.965099999999999980e+01,-8.232399999999999807e+01
5.413600000000000000e+04,-2.307300000000000040e+01,-4.493650000000000233e+01
5.423300000000000000e+04,3.417000000000000171e+01,-8.871399999999999864e+01
5.425600000000000000e+04,4.005799999999999983e+01,-9.213899999999999579e+01
5.433800000000000000e+04,3.899199999999999733e+01,-9.462699999999999534e+01
5.434200000000000000e+04,4.884799999999999898e+01,2.342999999999999972e+00
5.443800000000000000e+04,4.083800000000000097e+01,-8.139300000000000068e+01
5.448300000000000000e+04,4.070749999999999602e+01,-7.397249999999999659e+01
5.450800000000000000e+04,NaN,NaN
5.451400000000000000e+04,4.441700000000000159e+01,1.224200000000000088e+01
5.454700000000000000e+04,4.436749999999999972e+01,4.979999999999999716e+01
5.457500000000000000e+04,4.162899999999999778e+01,-1.049890000000000043e+02
5.466400000000000000e+04,5.151700000000000301e+01,-1.360000000000000098e-01
5.471900000000000000e+04,2.952100000000000080e+01,-9.841400000000000148e+01
5.478700000000000000e+04,5.151700000000000301e+01,-1.519999999999999962e-01
5.482600000000000000e+04,NaN,NaN
5.483500000000000000e+04,4.071399999999999864e+01,-7.400499999999999545e+01
5.492800000000000000e+04,4.546500000000000341e+01,9.198000000000000398e+00
5.498400000000000000e+04,3.567799999999999727e+01,1.396819999999999879e+02
5.500400000000000000e+04,3.975999999999999801e+01,-9.850000000000000000e+01
5.503900000000000000e+04,4.878000000000000114e+01,9.128000000000000114e+00
5.525600000000000000e+04,3.522699999999999676e+01,-8.084300000000000352e+01
5.542300000000000000e+04,3.564600000000000080e+01,1.397330000000000041e+02
5.549300000000000000e+04,3.880199999999999960e+01,-1.164189999999999969e+02
5.582200000000000000e+04,4.071399999999999864e+01,-7.400499999999999545e+01
5.602300000000000000e+04,3.271099999999999852e+01,-1.171089999999999947e+02
5.610900000000000000e+04,3.027499999999999858e+01,-9.774299999999999500e+01
5.618700000000000000e+04,3.404599999999999937e+01,-1.184479999999999933e+02
5.619500000000000000e+04,4.760999999999999943e+01,-1.223469999999999942e+02
5.619900000000000000e+04,4.556199999999999761e+01,-1.226350000000000051e+02
5.634000000000000000e+04,3.963799999999999812e+01,-1.049839999999999947e+02
5.647400000000000000e+04,4.618599999999999994e+01,-9.278199999999999648e+01
5.652000000000000000e+04,3.057300000000000040e+01,-9.709399999999999409e+01
5.664400000000000000e+04,5.131400000000000006e+01,-5.580000000000000515e-01
5.666200000000000000e+04,4.002799999999999869e+01,-8.307999999999999829e+01
5.669500000000000000e+04,3.883599999999999852e+01,-8.451800000000000068e+01
5.670100000000000000e+04,4.189950000000000330e+01,-9.379200000000000159e+01
5.671700000000000000e+04,4.366199999999999903e+01,-1.166869999999999976e+02
5.675400000000000000e+04,3.890400000000000347e+01,-7.704099999999999682e+01
5.676000000000000000e+04,3.570600000000000307e+01,5.143500000000000227e+01
5.676400000000000000e+04,5.231600000000000250e+01,1.758299999999999841e+01
5.677800000000000000e+04,3.748700000000000188e+01,-1.222819999999999965e+02
5.678000000000000000e+04,NaN,NaN
5.690700000000000000e+04,3.878600000000000136e+01,-1.054004999999999939e+02
5.691300000000000000e+04,3.122200000000000131e+01,1.065520000000000067e+02
5.693300000000000000e+04,5.145100000000000051e+01,-2.583000000000000185e+00
5.699700000000000000e+04,-1.282999999999999918e+00,3.681600000000000250e+01
5.702500000000000000e+04,3.874499999999999744e+01,-9.030299999999999727e+01
5.703400000000000000e+04,4.549499999999999744e+01,9.176999999999999602e+00
5.703500000000000000e+04,3.995450000000000301e+01,-1.052129999999999939e+02
5.707900000000000000e+04,3.796999999999999886e+01,-8.757099999999999795e+01
5.708200000000000000e+04,5.293299999999999983e+01,-1.500000000000000000e+00
5.715400000000000000e+04,3.942799999999999727e+01,-7.864600000000000080e+01
5.716300000000000000e+04,4.041599999999999682e+01,-8.145399999999999352e+01
5.718400000000000000e+04,4.653600000000000136e+01,6.568999999999999950e+00
5.719100000000000000e+04,3.271099999999999852e+01,-7.941599999999999682e+01
5.725800000000000000e+04,3.040099999999999980e+01,-9.775100000000000477e+01
5.742500000000000000e+04,4.072899999999999920e+01,-7.391549999999999443e+01
5.743300000000000000e+04,3.567199999999999704e+01,1.396599999999999966e+02
5.747900000000000000e+04,4.185000000000000142e+01,-8.765000000000000568e+01
